0.00	548
44615.33	684
42981.33	616
48436.00	594
49887.33	980
47997.33	1158
47814.00	1076
46755.33	1270
49621.33	1090
33265.33	1128
34375.33	1298
35496.00	1334
34434.00	1296
34131.33	1356
34541.33	1328
36047.33	1472
35660.67	1424
37792.67	1676
42952.00	1734
37782.50	1788
0.00	1400
9304.66	1376
9129.82	1426
8335.57	1310
7949.34	1254
7781.16	1350
8082.13	1190
8321.54	1148
8942.68	1246
9140.94	1278
8732.05	1354
8723.27	1352
9817.32	1434
9779.67	1556
10529.04	1504
10763.11	1534
11259.52	
11821.72	
12229.21	
12671.09	
0.00	15602
74093.14	18244
74340.86	20258
66835.00	20746
68679.84	20932
69007.39	21782
76783.14	22124
69172.53	24122
70319.25	24708
70080.03	27780
81119.91	29274
31285.42	30992
27591.25	30792
27266.80	33412
26257.75	36754
28392.89	36960
35502.17	35974
37122.86	39886
58669.45	33998
61548.61	34570
0.00	702
307.47	930
323.07	748
327.02	776
323.06	1464
322.17	1692
333.65	1624
339.42	1438
346.14	1598
309.01	1742
283.10	1450
294.10	1646
304.77	1830
305.83	1560
320.51	1752
317.90	1958
325.98	1764
326.71	1872
384.66	
411.35	
0.00	360
218.20	360
206.84	294
252.17	290
236.29	246
356.29	306
339.36	304
534.49	216
640.81	298
508.29	280
510.84	244
540.06	296
613.80	238
720.46	260
732.87	254
781.45	230
537.62	254
1507.59	226
1599.07	248
1432.81	
0.00	726
187.36	790
223.47	786
206.00	730
201.73	762
189.35	754
213.64	686
193.55	734
189.49	670
194.82	916
213.14	874
189.84	860
186.06	872
198.01	812
216.19	612
217.01	624
241.97	620
246.06	
274.78	510
262.76	572
0.00	1434
9.70	1496
8.75	1318
9.40	1222
11.29	1152
11.19	998
13.43	980
12.74	1000
15.01	870
15.89	960
37.63	840
40.14	986
51.87	1042
62.09	1232
89.83	1856
138.45	1808
173.20	1620
177.77	1808
163.19	1520
159.73	1454
0.00	404
18550.00	410
17533.33	446
17166.67	368
18916.67	362
18133.33	290
19116.67	312
22900.00	346
29606.00	304
32026.67	504
43956.00	438
46448.00	510
52066.00	516
55366.00	470
54531.33	446
51040.00	490
47404.67	
44773.33	734
41370.67	
42712.00	
0.00	1494
2442.00	2216
2326.00	2374
2689.33	2016
2993.33	2098
2558.00	2126
3213.33	2124
2608.67	2488
3051.33	2672
4942.67	2766
6096.00	3062
4582.67	2942
3639.33	3284
3208.00	3996
3172.00	4444
2914.67	4300
2701.33	4680
2697.33	5080
2772.67	5112
2427.33	5036
0.00	9568
6185.57	9214
5399.60	9168
5349.19	7390
3982.62	8584
4646.19	14746
4760.74	13158
5144.95	14050
5571.95	14722
4874.24	15872
7717.14	16786
7683.38	18014
7509.12	19242
7863.86	22150
10131.36	25092
11988.38	25632
12996.26	26434
14013.79	31620
14972.31	25700
14787.62	
0.00	82
5383.33	96
5414.00	70
5882.67	70
6301.33	110
5164.00	156
5653.33	138
5524.67	218
6000.67	190
7116.00	224
6705.33	206
6112.00	222
6201.33	176
6176.00	176
6961.33	178
7166.67	168
7522.00	106
8429.33	136
8961.33	102
9220.67	
0.00	956
583.70	826
2276.54	766
2429.98	788
1566.67	618
1547.65	654
1996.07	582
1744.69	588
1682.52	590
1530.27	588
2673.93	572
3776.30	574
3918.49	494
2997.21	516
2488.40	530
2231.41	708
1880.52	578
1989.58	618
2034.74	
1754.27	
0.00	3022
365.02	3268
378.68	3260
392.14	3296
413.27	3478
426.09	3784
464.78	3738
516.81	3660
564.43	3850
566.10	3696
558.50	4026
569.42	4044
586.18	4208
637.13	4208
668.17	4462
694.75	6366
697.77	6208
684.75	6986
673.16	6108
657.45	6264
0.00	974
212.26	1068
247.79	1076
241.24	1042
212.77	1170
227.54	1218
214.29	1180
200.53	1586
204.02	1482
204.85	1670
121.10	1828
158.41	1898
240.61	1882
188.42	1908
209.41	2042
244.14	1956
266.85	1828
268.19	1888
320.66	1710
295.96	
0.00	
14357.33	4566
17999.33	4860
15578.67	4626
16354.67	4774
13875.33	4784
12584.67	4462
14828.00	4632
31290.67	4690
23653.33	4548
20093.33	5416
152880.00	5566
145417.33	5612
177198.67	6182
183735.33	5134
184297.33	3926
178866.00	3846
172558.00	3830
157627.33	3860
145661.33	3862
0.00	4438
9360.00	4826
7111.33	4650
3597.33	2078
5875.33	4082
4458.00	4730
4504.67	4090
4240.00	
3733.33	
5260.00	4924
13571.33	5304
11266.00	5242
15840.00	5334
29332.00	4552
34638.67	4702
35857.33	4876
33048.00	4440
26918.00	3986
25515.33	4004
21168.67	4048
0.00	240
412.00	284
540.67	336
674.00	372
940.67	402
796.00	524
1057.33	468
1248.67	462
1156.67	566
1220.67	594
1136.67	628
1319.33	712
1259.33	746
1242.00	
1335.33	372
1846.67	666
2429.33	736
2580.00	
2534.00	
2310.67	
0.00	246
40.40	190
54.80	202
74.68	248
113.66	212
91.86	212
126.75	196
131.42	404
208.78	302
229.61	330
187.10	284
280.98	186
235.17	168
182.55	148
222.07	212
208.84	216
223.41	292
232.42	304
242.22	260
272.72	226
0.00	1882
811.43	2164
775.30	2014
731.14	2212
750.31	2520
796.41	2500
831.84	2310
867.54	2770
1020.05	2770
1030.70	3246
1029.66	3392
892.93	3848
1111.01	3928
1161.35	4096
1172.75	4420
1151.32	4560
1160.05	4228
1259.05	4610
1040.74	4050
1034.71	4224
198934.00	19342
245340.00	23402
277563.00	25450
251369.00	25636
305931.00	23490
313960.00	24476
310389.00	25062
328408.00	34490
369470.00	32566
317587.00	33604
427207.00	34512
368177.00	30274
339306.00	29284
350703.00	28100
321217.00	27844
316934.00	
319086.00	21948
299183.00	19800
340440.00	
359665.00	17428
