548	0.00
684	44615.33
616	42981.33
594	48436.00
980	49887.33
1158	47997.33
1076	47814.00
1270	46755.33
1090	49621.33
1128	33265.33
1298	34375.33
1334	35496.00
1296	34434.00
1356	34131.33
1328	34541.33
1472	36047.33
1424	35660.67
1676	37792.67
1734	42952.00
1788	37782.50
1400	0.00
1376	9304.66
1426	9129.82
1310	8335.57
1254	7949.34
1350	7781.16
1190	8082.13
1148	8321.54
1246	8942.68
1278	9140.94
1354	8732.05
1352	8723.27
1434	9817.32
1556	9779.67
1504	10529.04
1534	10763.11
	11259.52
	11821.72
	12229.21
	12671.09
15602	0.00
18244	74093.14
20258	74340.86
20746	66835.00
20932	68679.84
21782	69007.39
22124	76783.14
24122	69172.53
24708	70319.25
27780	70080.03
29274	81119.91
30992	31285.42
30792	27591.25
33412	27266.80
36754	26257.75
36960	28392.89
35974	35502.17
39886	37122.86
33998	58669.45
34570	61548.61
702	0.00
930	307.47
748	323.07
776	327.02
1464	323.06
1692	322.17
1624	333.65
1438	339.42
1598	346.14
1742	309.01
1450	283.10
1646	294.10
1830	304.77
1560	305.83
1752	320.51
1958	317.90
1764	325.98
1872	326.71
	384.66
	411.35
360	0.00
360	218.20
294	206.84
290	252.17
246	236.29
306	356.29
304	339.36
216	534.49
298	640.81
280	508.29
244	510.84
296	540.06
238	613.80
260	720.46
254	732.87
230	781.45
254	537.62
226	1507.59
248	1599.07
	1432.81
726	0.00
790	187.36
786	223.47
730	206.00
762	201.73
754	189.35
686	213.64
734	193.55
670	189.49
916	194.82
874	213.14
860	189.84
872	186.06
812	198.01
612	216.19
624	217.01
620	241.97
	246.06
510	274.78
572	262.76
1434	0.00
1496	9.70
1318	8.75
1222	9.40
1152	11.29
998	11.19
980	13.43
1000	12.74
870	15.01
960	15.89
840	37.63
986	40.14
1042	51.87
1232	62.09
1856	89.83
1808	138.45
1620	173.20
1808	177.77
1520	163.19
1454	159.73
404	0.00
410	18550.00
446	17533.33
368	17166.67
362	18916.67
290	18133.33
312	19116.67
346	22900.00
304	29606.00
504	32026.67
438	43956.00
510	46448.00
516	52066.00
470	55366.00
446	54531.33
490	51040.00
	47404.67
734	44773.33
	41370.67
	42712.00
1494	0.00
2216	2442.00
2374	2326.00
2016	2689.33
2098	2993.33
2126	2558.00
2124	3213.33
2488	2608.67
2672	3051.33
2766	4942.67
3062	6096.00
2942	4582.67
3284	3639.33
3996	3208.00
4444	3172.00
4300	2914.67
4680	2701.33
5080	2697.33
5112	2772.67
5036	2427.33
9568	0.00
9214	6185.57
9168	5399.60
7390	5349.19
8584	3982.62
14746	4646.19
13158	4760.74
14050	5144.95
14722	5571.95
15872	4874.24
16786	7717.14
18014	7683.38
19242	7509.12
22150	7863.86
25092	10131.36
25632	11988.38
26434	12996.26
31620	14013.79
25700	14972.31
	14787.62
82	0.00
96	5383.33
70	5414.00
70	5882.67
110	6301.33
156	5164.00
138	5653.33
218	5524.67
190	6000.67
224	7116.00
206	6705.33
222	6112.00
176	6201.33
176	6176.00
178	6961.33
168	7166.67
106	7522.00
136	8429.33
102	8961.33
	9220.67
956	0.00
826	583.70
766	2276.54
788	2429.98
618	1566.67
654	1547.65
582	1996.07
588	1744.69
590	1682.52
588	1530.27
572	2673.93
574	3776.30
494	3918.49
516	2997.21
530	2488.40
708	2231.41
578	1880.52
618	1989.58
	2034.74
	1754.27
3022	0.00
3268	365.02
3260	378.68
3296	392.14
3478	413.27
3784	426.09
3738	464.78
3660	516.81
3850	564.43
3696	566.10
4026	558.50
4044	569.42
4208	586.18
4208	637.13
4462	668.17
6366	694.75
6208	697.77
6986	684.75
6108	673.16
6264	657.45
974	0.00
1068	212.26
1076	247.79
1042	241.24
1170	212.77
1218	227.54
1180	214.29
1586	200.53
1482	204.02
1670	204.85
1828	121.10
1898	158.41
1882	240.61
1908	188.42
2042	209.41
1956	244.14
1828	266.85
1888	268.19
1710	320.66
	295.96
	0.00
4566	14357.33
4860	17999.33
4626	15578.67
4774	16354.67
4784	13875.33
4462	12584.67
4632	14828.00
4690	31290.67
4548	23653.33
5416	20093.33
5566	152880.00
5612	145417.33
6182	177198.67
5134	183735.33
3926	184297.33
3846	178866.00
3830	172558.00
3860	157627.33
3862	145661.33
4438	0.00
4826	9360.00
4650	7111.33
2078	3597.33
4082	5875.33
4730	4458.00
4090	4504.67
	4240.00
	3733.33
4924	5260.00
5304	13571.33
5242	11266.00
5334	15840.00
4552	29332.00
4702	34638.67
4876	35857.33
4440	33048.00
3986	26918.00
4004	25515.33
4048	21168.67
240	0.00
284	412.00
336	540.67
372	674.00
402	940.67
524	796.00
468	1057.33
462	1248.67
566	1156.67
594	1220.67
628	1136.67
712	1319.33
746	1259.33
	1242.00
372	1335.33
666	1846.67
736	2429.33
	2580.00
	2534.00
	2310.67
246	0.00
190	40.40
202	54.80
248	74.68
212	113.66
212	91.86
196	126.75
404	131.42
302	208.78
330	229.61
284	187.10
186	280.98
168	235.17
148	182.55
212	222.07
216	208.84
292	223.41
304	232.42
260	242.22
226	272.72
1882	0.00
2164	811.43
2014	775.30
2212	731.14
2520	750.31
2500	796.41
2310	831.84
2770	867.54
2770	1020.05
3246	1030.70
3392	1029.66
3848	892.93
3928	1111.01
4096	1161.35
4420	1172.75
4560	1151.32
4228	1160.05
4610	1259.05
4050	1040.74
4224	1034.71
19342	198934.00
23402	245340.00
25450	277563.00
25636	251369.00
23490	305931.00
24476	313960.00
25062	310389.00
34490	328408.00
32566	369470.00
33604	317587.00
34512	427207.00
30274	368177.00
29284	339306.00
28100	350703.00
27844	321217.00
	316934.00
21948	319086.00
19800	299183.00
	340440.00
17428	359665.00
