AUT,1998 0.00	548
AUT,1999 44615.33	684
AUT,2000 42981.33	616
AUT,2001 48436.00	594
AUT,2002 49887.33	980
AUT,2003 47997.33	1158
AUT,2004 47814.00	1076
AUT,2005 46755.33	1270
AUT,2006 49621.33	1090
AUT,2007 33265.33	1128
AUT,2008 34375.33	1298
AUT,2009 35496.00	1334
AUT,2010 34434.00	1296
AUT,2011 34131.33	1356
AUT,2012 34541.33	1328
AUT,2013 36047.33	1472
AUT,2014 35660.67	1424
AUT,2015 37792.67	1676
AUT,2016 42952.00	1734
AUT,2017 37782.50	1788
CHE,1998 0.00	1400
CHE,1999 9304.66	1376
CHE,2000 9129.82	1426
CHE,2001 8335.57	1310
CHE,2002 7949.34	1254
CHE,2003 7781.16	1350
CHE,2004 8082.13	1190
CHE,2005 8321.54	1148
CHE,2006 8942.68	1246
CHE,2007 9140.94	1278
CHE,2008 8732.05	1354
CHE,2009 8723.27	1352
CHE,2010 9817.32	1434
CHE,2011 9779.67	1556
CHE,2012 10529.04	1504
CHE,2013 10763.11	1534
CHE,2014 11259.52	
CHE,2015 11821.72	
CHE,2016 12229.21	
CHE,2017 12671.09	
DEU,1998 0.00	15602
DEU,1999 74093.14	18244
DEU,2000 74340.86	20258
DEU,2001 66835.00	20746
DEU,2002 68679.84	20932
DEU,2003 69007.39	21782
DEU,2004 76783.14	22124
DEU,2005 69172.53	24122
DEU,2006 70319.25	24708
DEU,2007 70080.03	27780
DEU,2008 81119.91	29274
DEU,2009 31285.42	30992
DEU,2010 27591.25	30792
DEU,2011 27266.80	33412
DEU,2012 26257.75	36754
DEU,2013 28392.89	36960
DEU,2014 35502.17	35974
DEU,2015 37122.86	39886
DEU,2016 58669.45	33998
DEU,2017 61548.61	34570
DNK,1998 0.00	702
DNK,1999 307.47	930
DNK,2000 323.07	748
DNK,2001 327.02	776
DNK,2002 323.06	1464
DNK,2003 322.17	1692
DNK,2004 333.65	1624
DNK,2005 339.42	1438
DNK,2006 346.14	1598
DNK,2007 309.01	1742
DNK,2008 283.10	1450
DNK,2009 294.10	1646
DNK,2010 304.77	1830
DNK,2011 305.83	1560
DNK,2012 320.51	1752
DNK,2013 317.90	1958
DNK,2014 325.98	1764
DNK,2015 326.71	1872
DNK,2016 384.66	
DNK,2017 411.35	
EST,1998 0.00	360
EST,1999 218.20	360
EST,2000 206.84	294
EST,2001 252.17	290
EST,2002 236.29	246
EST,2003 356.29	306
EST,2004 339.36	304
EST,2005 534.49	216
EST,2006 640.81	298
EST,2007 508.29	280
EST,2008 510.84	244
EST,2009 540.06	296
EST,2010 613.80	238
EST,2011 720.46	260
EST,2012 732.87	254
EST,2013 781.45	230
EST,2014 537.62	254
EST,2015 1507.59	226
EST,2016 1599.07	248
EST,2017 1432.81	
FIN,1998 0.00	726
FIN,1999 187.36	790
FIN,2000 223.47	786
FIN,2001 206.00	730
FIN,2002 201.73	762
FIN,2003 189.35	754
FIN,2004 213.64	686
FIN,2005 193.55	734
FIN,2006 189.49	670
FIN,2007 194.82	916
FIN,2008 213.14	874
FIN,2009 189.84	860
FIN,2010 186.06	872
FIN,2011 198.01	812
FIN,2012 216.19	612
FIN,2013 217.01	624
FIN,2014 241.97	620
FIN,2015 246.06	
FIN,2016 274.78	510
FIN,2017 262.76	572
HUN,1998 0.00	1434
HUN,1999 9.70	1496
HUN,2000 8.75	1318
HUN,2001 9.40	1222
HUN,2002 11.29	1152
HUN,2003 11.19	998
HUN,2004 13.43	980
HUN,2005 12.74	1000
HUN,2006 15.01	870
HUN,2007 15.89	960
HUN,2008 37.63	840
HUN,2009 40.14	986
HUN,2010 51.87	1042
HUN,2011 62.09	1232
HUN,2012 89.83	1856
HUN,2013 138.45	1808
HUN,2014 173.20	1620
HUN,2015 177.77	1808
HUN,2016 163.19	1520
HUN,2017 159.73	1454
IRL,1998 0.00	404
IRL,1999 18550.00	410
IRL,2000 17533.33	446
IRL,2001 17166.67	368
IRL,2002 18916.67	362
IRL,2003 18133.33	290
IRL,2004 19116.67	312
IRL,2005 22900.00	346
IRL,2006 29606.00	304
IRL,2007 32026.67	504
IRL,2008 43956.00	438
IRL,2009 46448.00	510
IRL,2010 52066.00	516
IRL,2011 55366.00	470
IRL,2012 54531.33	446
IRL,2013 51040.00	490
IRL,2014 47404.67	
IRL,2015 44773.33	734
IRL,2016 41370.67	
IRL,2017 42712.00	
ISR,1998 0.00	1494
ISR,1999 2442.00	2216
ISR,2000 2326.00	2374
ISR,2001 2689.33	2016
ISR,2002 2993.33	2098
ISR,2003 2558.00	2126
ISR,2004 3213.33	2124
ISR,2005 2608.67	2488
ISR,2006 3051.33	2672
ISR,2007 4942.67	2766
ISR,2008 6096.00	3062
ISR,2009 4582.67	2942
ISR,2010 3639.33	3284
ISR,2011 3208.00	3996
ISR,2012 3172.00	4444
ISR,2013 2914.67	4300
ISR,2014 2701.33	4680
ISR,2015 2697.33	5080
ISR,2016 2772.67	5112
ISR,2017 2427.33	5036
ITA,1998 0.00	9568
ITA,1999 6185.57	9214
ITA,2000 5399.60	9168
ITA,2001 5349.19	7390
ITA,2002 3982.62	8584
ITA,2003 4646.19	14746
ITA,2004 4760.74	13158
ITA,2005 5144.95	14050
ITA,2006 5571.95	14722
ITA,2007 4874.24	15872
ITA,2008 7717.14	16786
ITA,2009 7683.38	18014
ITA,2010 7509.12	19242
ITA,2011 7863.86	22150
ITA,2012 10131.36	25092
ITA,2013 11988.38	25632
ITA,2014 12996.26	26434
ITA,2015 14013.79	31620
ITA,2016 14972.31	25700
ITA,2017 14787.62	
LUX,1998 0.00	82
LUX,1999 5383.33	96
LUX,2000 5414.00	70
LUX,2001 5882.67	70
LUX,2002 6301.33	110
LUX,2003 5164.00	156
LUX,2004 5653.33	138
LUX,2005 5524.67	218
LUX,2006 6000.67	190
LUX,2007 7116.00	224
LUX,2008 6705.33	206
LUX,2009 6112.00	222
LUX,2010 6201.33	176
LUX,2011 6176.00	176
LUX,2012 6961.33	178
LUX,2013 7166.67	168
LUX,2014 7522.00	106
LUX,2015 8429.33	136
LUX,2016 8961.33	102
LUX,2017 9220.67	
LVA,1998 0.00	956
LVA,1999 583.70	826
LVA,2000 2276.54	766
LVA,2001 2429.98	788
LVA,2002 1566.67	618
LVA,2003 1547.65	654
LVA,2004 1996.07	582
LVA,2005 1744.69	588
LVA,2006 1682.52	590
LVA,2007 1530.27	588
LVA,2008 2673.93	572
LVA,2009 3776.30	574
LVA,2010 3918.49	494
LVA,2011 2997.21	516
LVA,2012 2488.40	530
LVA,2013 2231.41	708
LVA,2014 1880.52	578
LVA,2015 1989.58	618
LVA,2016 2034.74	
LVA,2017 1754.27	
NLD,1998 0.00	3022
NLD,1999 365.02	3268
NLD,2000 378.68	3260
NLD,2001 392.14	3296
NLD,2002 413.27	3478
NLD,2003 426.09	3784
NLD,2004 464.78	3738
NLD,2005 516.81	3660
NLD,2006 564.43	3850
NLD,2007 566.10	3696
NLD,2008 558.50	4026
NLD,2009 569.42	4044
NLD,2010 586.18	4208
NLD,2011 637.13	4208
NLD,2012 668.17	4462
NLD,2013 694.75	6366
NLD,2014 697.77	6208
NLD,2015 684.75	6986
NLD,2016 673.16	6108
NLD,2017 657.45	6264
NOR,1998 0.00	974
NOR,1999 212.26	1068
NOR,2000 247.79	1076
NOR,2001 241.24	1042
NOR,2002 212.77	1170
NOR,2003 227.54	1218
NOR,2004 214.29	1180
NOR,2005 200.53	1586
NOR,2006 204.02	1482
NOR,2007 204.85	1670
NOR,2008 121.10	1828
NOR,2009 158.41	1898
NOR,2010 240.61	1882
NOR,2011 188.42	1908
NOR,2012 209.41	2042
NOR,2013 244.14	1956
NOR,2014 266.85	1828
NOR,2015 268.19	1888
NOR,2016 320.66	1710
NOR,2017 295.96	
POL,1998 0.00	
POL,1999 14357.33	4566
POL,2000 17999.33	4860
POL,2001 15578.67	4626
POL,2002 16354.67	4774
POL,2003 13875.33	4784
POL,2004 12584.67	4462
POL,2005 14828.00	4632
POL,2006 31290.67	4690
POL,2007 23653.33	4548
POL,2008 20093.33	5416
POL,2009 152880.00	5566
POL,2010 145417.33	5612
POL,2011 177198.67	6182
POL,2012 183735.33	5134
POL,2013 184297.33	3926
POL,2014 178866.00	3846
POL,2015 172558.00	3830
POL,2016 157627.33	3860
POL,2017 145661.33	3862
PRT,1998 0.00	4438
PRT,1999 9360.00	4826
PRT,2000 7111.33	4650
PRT,2001 3597.33	2078
PRT,2002 5875.33	4082
PRT,2003 4458.00	4730
PRT,2004 4504.67	4090
PRT,2005 4240.00	
PRT,2006 3733.33	
PRT,2007 5260.00	4924
PRT,2008 13571.33	5304
PRT,2009 11266.00	5242
PRT,2010 15840.00	5334
PRT,2011 29332.00	4552
PRT,2012 34638.67	4702
PRT,2013 35857.33	4876
PRT,2014 33048.00	4440
PRT,2015 26918.00	3986
PRT,2016 25515.33	4004
PRT,2017 21168.67	4048
SVK,1998 0.00	240
SVK,1999 412.00	284
SVK,2000 540.67	336
SVK,2001 674.00	372
SVK,2002 940.67	402
SVK,2003 796.00	524
SVK,2004 1057.33	468
SVK,2005 1248.67	462
SVK,2006 1156.67	566
SVK,2007 1220.67	594
SVK,2008 1136.67	628
SVK,2009 1319.33	712
SVK,2010 1259.33	746
SVK,2011 1242.00	
SVK,2012 1335.33	372
SVK,2013 1846.67	666
SVK,2014 2429.33	736
SVK,2015 2580.00	
SVK,2016 2534.00	
SVK,2017 2310.67	
SVN,1998 0.00	246
SVN,1999 40.40	190
SVN,2000 54.80	202
SVN,2001 74.68	248
SVN,2002 113.66	212
SVN,2003 91.86	212
SVN,2004 126.75	196
SVN,2005 131.42	404
SVN,2006 208.78	302
SVN,2007 229.61	330
SVN,2008 187.10	284
SVN,2009 280.98	186
SVN,2010 235.17	168
SVN,2011 182.55	148
SVN,2012 222.07	212
SVN,2013 208.84	216
SVN,2014 223.41	292
SVN,2015 232.42	304
SVN,2016 242.22	260
SVN,2017 272.72	226
SWE,1998 0.00	1882
SWE,1999 811.43	2164
SWE,2000 775.30	2014
SWE,2001 731.14	2212
SWE,2002 750.31	2520
SWE,2003 796.41	2500
SWE,2004 831.84	2310
SWE,2005 867.54	2770
SWE,2006 1020.05	2770
SWE,2007 1030.70	3246
SWE,2008 1029.66	3392
SWE,2009 892.93	3848
SWE,2010 1111.01	3928
SWE,2011 1161.35	4096
SWE,2012 1172.75	4420
SWE,2013 1151.32	4560
SWE,2014 1160.05	4228
SWE,2015 1259.05	4610
SWE,2016 1040.74	4050
SWE,2017 1034.71	4224
UKR,1998 198934.00	19342
UKR,1999 245340.00	23402
UKR,2000 277563.00	25450
UKR,2001 251369.00	25636
UKR,2002 305931.00	23490
UKR,2003 313960.00	24476
UKR,2004 310389.00	25062
UKR,2005 328408.00	34490
UKR,2006 369470.00	32566
UKR,2007 317587.00	33604
UKR,2008 427207.00	34512
UKR,2009 368177.00	30274
UKR,2010 339306.00	29284
UKR,2011 350703.00	28100
UKR,2012 321217.00	27844
UKR,2013 316934.00	
UKR,2014 319086.00	21948
UKR,2015 299183.00	19800
UKR,2016 340440.00	
UKR,2017 359665.00	17428
